0 3.178
1 3.214
2 3.243
3 3.285
4 3.294
5 3.302
6 3.336
7 3.384
8 3.401
9 3.431
10 3.488
11 3.512
12 3.528
13 3.537
14 3.566
15 3.577
16 3.596
17 3.603
18 3.603
19 3.619
20 3.653
21 3.676
22 3.721
23 3.743
24 3.927
25 3.941
26 3.988
27 4.029
28 4.08
29 4.167
30 4.195
31 4.275
32 4.286
33 4.298
34 4.322
35 4.34
36 4.346
37 4.403
38 4.405
39 4.479
40 4.496
41 4.561
42 4.587
43 4.597
44 4.609
45 4.613
46 4.62
47 4.621
48 4.625
49 4.627
50 4.654
51 4.749
52 4.936
53 4.967
54 4.994
55 5.077
56 5.086
57 5.091
58 5.281
59 5.348
60 5.393
61 5.393
62 5.413
63 5.448
64 5.452
65 5.528
66 5.544
67 5.663
68 5.671
69 5.678
70 5.689
71 5.729
72 5.735
73 5.745
74 5.76
75 5.877
76 5.954
77 6.011
78 6.023
79 6.027
80 6.031
81 6.032
82 6.049
83 6.072
84 6.142
85 6.218
86 6.397
87 6.484
88 6.53
89 6.65
90 6.697
91 6.717
92 6.72
93 6.74
94 6.754
95 6.755
96 6.757
97 6.769
98 6.781
99 6.848
100 7.054
101 7.062
102 7.07
103 7.085
104 7.11
105 7.179
106 7.433
107 7.445
108 7.465
109 7.469
110 7.473
111 7.486
112 7.538
113 7.561
114 7.565
115 7.719
116 7.758
117 7.767
118 7.781
119 7.782
120 7.851
121 7.86
122 7.877
123 8.011
124 8.129
125 8.183
126 8.2
127 8.205
128 8.236
129 8.268
130 8.381
131 8.482
132 8.524
133 8.908
134 9.419
135 9.433
136 9.449
137 9.5
138 9.518
139 9.549
140 9.692
141 10.019
142 10.091
143 10.108
144 10.159
145 10.223
146 10.398
147 10.743
148 10.894
149 11.424
150 11.467
151 11.489
152 11.532
153 11.616
154 12.06
155 12.131
156 12.141
157 12.836
158 12.926
159 13.04
160 13.353
161 13.392
162 13.444
163 13.445
164 13.452
165 13.463
166 13.552
167 13.954
168 13.996
169 14.021
170 14.215
171 14.605
172 14.613
173 14.636
174 14.648
175 14.657
176 14.675
177 14.684
178 14.742
179 15.271
180 15.369
181 15.374
182 15.572
183 15.926
184 16.041
185 16.681
186 16.704
187 16.849
188 17.341
189 17.413
190 17.419
191 17.484
192 17.53
193 17.819
194 17.902
195 17.949
196 17.967
197 18.095
198 18.589
199 18.611
200 18.613
201 18.633
202 18.651
203 18.727
204 19.328
205 19.836
206 19.952
207 20.019
208 20.622
209 20.661
210 20.751
211 21.211
212 21.225
213 21.28
214 21.342
215 21.878
216 21.901
217 21.906
218 22.006
219 22.169
220 22.634
221 22.757
222 23.226
223 23.81
224 24.664
225 25.199
226 25.96
227 26.007
228 26.021
229 26.648
230 28.668
231 29.588
232 29.747
233 31.041
234 31.068
235 31.088
236 31.833
237 32.994
238 33.21
239 33.239
240 34.54
241 35.517
242 35.554
243 35.725
244 35.809
245 36.789
246 36.804
247 41.876
248 43.352
249 45.024
250 45.33
251 46.114
252 47.114
253 48.333
254 48.407
255 49.134
256 52.631
257 68.073
258 68.182
259 94.139
260 96.525
261 98.504
262 112.245
263 112.38
264 113.151
265 115.02
266 121.659
267 135.763
268 139.735
269 188.232
270 273.991
271 330.514
272 996.873
